[gd_scene load_steps=7 format=2]

[ext_resource path="res://data/scenes/barrel.tscn" type="PackedScene" id=1]
[ext_resource path="res://test_scenario/Control.gd" type="Script" id=2]

[sub_resource type="PrismMesh" id=1]

[sub_resource type="SphereMesh" id=2]

[sub_resource type="ViewportTexture" id=3]
viewport_path = NodePath("Spatial/Camera2/Viewport")

[sub_resource type="ViewportTexture" id=4]
viewport_path = NodePath("Spatial/Camera3/Viewport2")

[node name="Spatial" type="Spatial"]

[node name="barrel" parent="." instance=ExtResource( 1 )]

[node name="MeshInstance" type="MeshInstance" parent="barrel"]
transform = Transform( 0.5, 0, 0, 0, 0.5, 0, 0, 0, 0.5, 3.54052, 0, 0 )
mesh = SubResource( 1 )
material/0 = null

[node name="MeshInstance2" type="MeshInstance" parent="barrel"]
transform = Transform( 0.5, 0, 0, 0, 0.5, 0, 0, 0, 0.5, -3.46681, 0, 0 )
mesh = SubResource( 2 )
material/0 = null

[node name="Spatial" type="Spatial" parent="barrel"]

[node name="Camera" type="Camera" parent="barrel/Spatial"]
transform = Transform( -0.943235, -0.00493922, -0.332088, 0, 0.999889, -0.0148716, 0.332125, -0.0140274, -0.943131, -1.54763, -0.51383, -5.2308 )

[node name="Viewport2" type="Viewport" parent="barrel/Spatial"]
size = Vector2( 500, 500 )
render_target_v_flip = true
render_target_update_mode = 3

[node name="Camera3" type="Camera" parent="barrel/Spatial/Viewport2"]
transform = Transform( 0.789597, 0.324244, -0.520962, 0, 0.848991, 0.528407, 0.613625, -0.417229, 0.670361, -5.39232, 6.12383, 8.62405 )

[node name="Viewport" type="Viewport" parent="barrel/Spatial"]
size = Vector2( 500, 500 )
render_target_v_flip = true
render_target_update_mode = 3

[node name="Camera2" type="Camera" parent="barrel/Spatial/Viewport"]
transform = Transform( 0.213919, -0.508919, 0.833811, 0, 0.85357, 0.520979, -0.976851, -0.111447, 0.182595, 8.59333, 5.34503, 1.50553 )

[node name="Control" type="Control" parent="."]
anchor_right = 1.0
anchor_bottom = 1.0
script = ExtResource( 2 )
view1 = NodePath("../barrel/Spatial/Viewport")
view2 = NodePath("../barrel/Spatial/Viewport2")

[node name="TextureContainer" type="VBoxContainer" parent="Control"]
anchor_right = 1.0
anchor_bottom = 1.0
alignment = 1

[node name="TextureRect" type="TextureRect" parent="Control/TextureContainer"]
margin_right = 1280.0
margin_bottom = 358.0
size_flags_horizontal = 3
size_flags_vertical = 3
texture = SubResource( 3 )
expand = true
stretch_mode = 6

[node name="TextureRect2" type="TextureRect" parent="Control/TextureContainer"]
margin_top = 362.0
margin_right = 1280.0
margin_bottom = 720.0
size_flags_horizontal = 3
size_flags_vertical = 3
texture = SubResource( 4 )
expand = true
stretch_mode = 6
